schema_version,run_id,agent_id,agent_version,request_index,tool_index,tool_name,tool_type,path,definition_chars,definition_tokens,is_mcp_related,is_subagent_related,keys
hibench.benchmark.v1,opencode-1.14.46-hi,opencode,1.14.46,1,1,apply_patch,function,tools.0,1431,360,False,False,function|type
hibench.benchmark.v1,opencode-1.14.46-hi,opencode,1.14.46,1,2,bash,function,tools.1,10948,2491,False,False,function|type
hibench.benchmark.v1,opencode-1.14.46-hi,opencode,1.14.46,1,3,glob,function,tools.2,1142,245,False,False,function|type
hibench.benchmark.v1,opencode-1.14.46-hi,opencode,1.14.46,1,4,grep,function,tools.3,1215,286,False,False,function|type
hibench.benchmark.v1,opencode-1.14.46-hi,opencode,1.14.46,1,5,read,function,tools.4,1734,415,False,False,function|type
hibench.benchmark.v1,opencode-1.14.46-hi,opencode,1.14.46,1,6,skill,function,tools.5,712,150,False,False,function|type
hibench.benchmark.v1,opencode-1.14.46-hi,opencode,1.14.46,1,7,task,function,tools.6,5335,1189,False,True,function|type
hibench.benchmark.v1,opencode-1.14.46-hi,opencode,1.14.46,1,8,todowrite,function,tools.7,9638,2068,False,False,function|type
hibench.benchmark.v1,opencode-1.14.46-hi,opencode,1.14.46,1,9,webfetch,function,tools.8,1293,294,False,False,function|type
