schema_version,run_id,agent_id,agent_version,request_index,text_index,category,source,role,path,chars,tokens,preview
hibench.benchmark.v1,droid-0.159.0-hi,droid,0.159.0,1,1,system_prompt,developer_instructions,user,input.0.content.0.text,2310,484,"<system-reminder>
The tools listed below are available in this environment, but their schemas may be omitted from the cu"
hibench.benchmark.v1,droid-0.159.0-hi,droid,0.159.0,1,2,environment_context,injected_user_context,user,input.1.content.0.text,225,50,"<system-reminder>IMPORTANT - Current date for web search relevance:
- Today's date is 2026-06-27. Use this date when Web"
hibench.benchmark.v1,droid-0.159.0-hi,droid,0.159.0,1,3,system_prompt,skills_instructions,user,input.1.content.1.text,6038,1233,"<system-reminder>
Available skills for the Skill tool are listed below. The Skill tool definition relies on this system"
hibench.benchmark.v1,droid-0.159.0-hi,droid,0.159.0,1,4,environment_context,injected_user_context,user,input.1.content.2.text,1174,271,"<system-reminder>

User system info (linux 6.6.87.2-microsoft-standard-WSL2)
Shell: bash inside WSL2 — real Linux on a W"
hibench.benchmark.v1,droid-0.159.0-hi,droid,0.159.0,1,5,system_prompt,developer_instructions,user,input.1.content.3.text,376,80,<system-reminder>IMPORTANT: TodoWrite was not called yet. You must call it for any non-trivial task requested by the use
hibench.benchmark.v1,droid-0.159.0-hi,droid,0.159.0,1,6,user_prompt,user_prompt,user,input.2.content.0.text,2,1,Hi
hibench.benchmark.v1,droid-0.159.0-hi,droid,0.159.0,1,7,system_prompt,main_instructions,,instructions,5439,1111,"You are Droid, an AI software engineering agent built by Factory.

You are running in non-interactive Exec Mode where yo"
