schema_version,run_id,agent_id,agent_version,request_index,tool_index,tool_name,tool_type,path,definition_chars,definition_tokens,is_mcp_related,is_subagent_related,keys
hibench.benchmark.v1,gemini-cli-0.19.2-hi,gemini-cli,0.19.2,1,1,list_directory,function,tools.0,949,190,False,False,description|name|parametersJsonSchema|type
hibench.benchmark.v1,gemini-cli-0.19.2-hi,gemini-cli,0.19.2,1,2,read_file,function,tools.1,1011,230,False,False,description|name|parametersJsonSchema|type
hibench.benchmark.v1,gemini-cli-0.19.2-hi,gemini-cli,0.19.2,1,3,search_file_content,function,tools.2,1830,397,False,False,description|name|parametersJsonSchema|type
hibench.benchmark.v1,gemini-cli-0.19.2-hi,gemini-cli,0.19.2,1,4,glob,function,tools.3,1103,230,False,False,description|name|parametersJsonSchema|type
hibench.benchmark.v1,gemini-cli-0.19.2-hi,gemini-cli,0.19.2,1,5,web_fetch,function,tools.4,911,205,False,False,description|name|parametersJsonSchema|type
hibench.benchmark.v1,gemini-cli-0.19.2-hi,gemini-cli,0.19.2,1,6,save_memory,function,tools.5,1391,306,False,False,description|name|parametersJsonSchema|type
hibench.benchmark.v1,gemini-cli-0.19.2-hi,gemini-cli,0.19.2,1,7,google_web_search,function,tools.6,396,82,False,False,description|name|parametersJsonSchema|type
hibench.benchmark.v1,gemini-cli-0.19.2-hi,gemini-cli,0.19.2,1,8,write_todos,function,tools.7,5878,1316,False,False,description|name|parametersJsonSchema|responseJsonSchema|type
hibench.benchmark.v1,gemini-cli-0.19.2-hi,gemini-cli,0.19.2,1,9,codebase_investigator,function,tools.8,812,148,False,False,description|name|parametersJsonSchema|type
