schema_version,run_id,agent_id,agent_version,request_index,text_index,category,source,role,path,chars,tokens,preview
hibench.benchmark.v1,hermes-0.16.0-hi,hermes,0.16.0,2,1,system_prompt,main_instructions,developer,messages.0.content,8785,1840,"You are Hermes Agent, an intelligent AI assistant created by Nous Research. You are helpful, knowledgeable, and direct. "
hibench.benchmark.v1,hermes-0.16.0-hi,hermes,0.16.0,2,2,user_prompt,user_prompt,user,messages.1.content,2,1,Hi
